4.99999904633 1.0 -0.00514827294088 0.0
14.9999961853 1.0 -0.00514827294088 0.0
4.99999904633 1.0 -0.00514827294088 0.0
40.0000190735 1.0 -0.00514827294088 0.0
4.99999904633 1.0 -0.00514827294088 0.0
30.0000228882 1.0 -0.00514827294088 0.0
40.0000457764 1.0 -0.00514827294088 0.0
15.0000524521 1.0 -0.00514827294088 0.0
25.0000495911 1.0 -0.00514827294088 0.0
70.0000152588 1.0 0.280737045255 0.0
14.9999961853 1.0 -0.00514827294088 0.0
24.9999961853 1.0 -0.00514827294088 0.0
2.70000000455e-05 1.0 -0.00514827294088 0.0
74.9999847412 1.0 0.380243049358 0.0
5.00008106232 1.0 -0.00514827294088 0.0
24.9999961853 1.0 -0.00514827294088 0.0
4.99999904633 1.0 -0.00514827294088 0.0
29.9999923706 1.0 -0.00514827294088 0.0
59.9999847412 1.0 0.0817232150291 0.0
20.0000228882 1.0 -0.00514827294088 0.0
15.0000524521 1.0 -0.00514827294088 0.0
30.0000228882 1.0 -0.00514827294088 0.0
29.9999923706 1.0 -0.00514827294088 0.0
5.00002622604 1.0 -0.00514827294088 0.0
9.99999809265 1.0 -0.00514827294088 0.0
15.0000524521 1.0 -0.00514827294088 0.0
-0.0 1.0 -0.00514827294088 0.0
24.9999961853 1.0 -0.00514827294088 0.0
8.19999986561e-05 1.0 -0.00514827294088 0.0
4.99999904633 1.0 -0.00514827294088 0.0
49.9999923706 1.0 -0.00514827294088 0.0
44.9999923706 1.0 -0.00514827294088 0.0
35.0000495911 1.0 -0.00514827294088 0.0
60.2288017273 1.0 0.0862769756143 0.0
9.99999809265 1.0 -0.00514827294088 0.0
60.0000457764 1.0 0.0817244297094 0.0
9.99999809265 1.0 -0.00514827294088 0.0
20.0000228882 1.0 -0.00514827294088 0.0
9.99999809265 1.0 -0.00514827294088 0.0
4.99999904633 1.0 -0.00514827294088 0.0
9.99999809265 1.0 -0.00514827294088 0.0
24.9999961853 1.0 -0.00514827294088 0.0
19.9999694824 1.0 -0.00514827294088 0.0
29.9999923706 1.0 -0.00514827294088 0.0
45.0000228882 1.0 -0.00514827294088 0.0
9.99999809265 1.0 -0.00514827294088 0.0
4.99999904633 1.0 -0.00514827294088 0.0
29.9999923706 1.0 -0.00514827294088 0.0
34.9999923706 1.0 -0.00514827294088 0.0
19.9999961853 1.0 -0.00514827294088 0.0
19.9999961853 1.0 -0.00514827294088 0.0
4.99999904633 1.0 -0.00514827294088 0.0
25.0000495911 1.0 -0.00514827294088 0.0
20.0000228882 1.0 -0.00514827294088 0.0
4.99999904633 1.0 -0.00514827294088 0.0
5.00002622604 1.0 -0.00514827294088 0.0
5.00002622604 1.0 -0.00514827294088 0.0
59.9999847412 1.0 0.0817232150291 0.0
15.0000238419 1.0 -0.00514827294088 0.0
92.4436569214 1.0 0.727395191313 0.0
40.0000190735 1.0 -0.00514827294088 0.0
50.0000152588 1.0 -0.00514827294088 0.0
4.99999904633 1.0 -0.00514827294088 0.0
2.70000000455e-05 1.0 -0.00514827294088 0.0
40.0000190735 1.0 -0.00514827294088 0.0
14.9999961853 1.0 -0.00514827294088 0.0
59.9999847412 1.0 0.0817232150291 0.0
20.0000514984 1.0 -0.00514827294088 0.0
29.9999923706 1.0 -0.00514827294088 0.0
34.9999923706 1.0 -0.00514827294088 0.0
15.0000524521 1.0 -0.00514827294088 0.0
2.70000000455e-05 1.0 -0.00514827294088 0.0
45.0000228882 1.0 -0.00514827294088 0.0
4.99999904633 1.0 -0.00514827294088 0.0
24.9999961853 1.0 -0.00514827294088 0.0
5.50000004296e-05 1.0 -0.00514827294088 0.0
4.99999904633 1.0 -0.00514827294088 0.0
15.0000524521 1.0 -0.00514827294088 0.0
40.0000457764 1.0 -0.00514827294088 0.0
92.4455413818 1.0 0.727432694568 0.0
40.0000190735 1.0 -0.00514827294088 0.0
20.0001049042 1.0 -0.00514827294088 0.0
9.99999809265 1.0 -0.00514827294088 0.0
4.99999904633 1.0 -0.00514827294088 0.0
15.0000238419 1.0 -0.00514827294088 0.0
59.9999847412 1.0 0.0817232150291 0.0
24.9999961853 1.0 -0.00514827294088 0.0
9.99999809265 1.0 -0.00514827294088 0.0
24.9999961853 1.0 -0.00514827294088 0.0
15.0000238419 1.0 -0.00514827294088 0.0
4.99999904633 1.0 -0.00514827294088 0.0
10.0001354218 1.0 -0.00514827294088 0.0
19.9999961853 1.0 -0.00514827294088 0.0
25.0000495911 1.0 -0.00514827294088 0.0
4.99999904633 1.0 -0.00514827294088 0.0
5.00002622604 1.0 -0.00514827294088 0.0
2.70000000455e-05 1.0 -0.00514827294088 0.0
25.0000228882 1.0 -0.00514827294088 0.0
30.0000228882 1.0 -0.00514827294088 0.0
20.0000228882 1.0 -0.00514827294088 0.0
