-4.99734994719e-07 -0.0 0.0 0
-35.0 15.0 0.0 0
25.0 5.0 0.0 0
5.0 -5.0 0.0 0
-0.0 -0.0 0.0 0
-0.0 15.0 0.0 0
20.0 5.00003004074 0.0 0
15.0 5.0 0.0 0
-40.0 -5.0 0.0 0
-20.0 35.0 0.0 0
-25.0 -10.0 0.0 0
20.0 -10.0 0.0 0
30.0 19.9999008179 0.0 0
10.0 -15.0 0.0 0
15.0 -90.0 0.0 0
10.0 -40.0 0.0 0
-20.0 -25.0 0.0 0
25.0 10.0 0.0 0
-5.0 5.0 0.0 0
5.0 25.0 0.0 0
30.0 10.0 0.0 0
-20.0 10.0 0.0 0
-20.0 -30.0 0.0 0
-30.0 -35.0 0.0 0
10.0 -5.0 0.0 0
-25.0 -95.0 0.0 0
-0.0 5.0 0.0 0
-5.0 20.0 0.0 0
-25.0 -15.0 0.0 0
35.0 25.0 0.0 0
20.0 30.0 0.0 0
-89.9867019653 10.0 0.0 0
15.0 15.0 0.0 0
-10.0 -30.0 0.0 0
-5.0 5.0 0.0 0
-5.0 -10.0 0.0 0
-39.8073005676 24.9997997284 0.0 0
-5.0 -0.0 0.0 0
-25.0 10.0 0.0 0
-5.0 15.0 0.0 0
20.0 -0.0 0.0 0
10.0 5.0 0.0 0
25.0 19.9999008179 0.0 0
10.0 -0.0 0.0 0
15.0 -10.0 0.0 0
-3.5731400061e-08 -45.0 0.0 0
15.0 -0.0 0.0 0
15.0 5.0 0.0 0
-10.0 -15.0 0.0 0
30.0 20.0000991821 0.0 0
-5.0 15.0 0.0 0
-4.99988985062 -50.0 0.0 0
25.0 -20.0 0.0 0
30.0 -55.0 0.0 0
-4.09007006041e-09 10.0 0.0 0
-55.0 20.0 0.0 0
-10.0 -10.0 0.0 0
5.0 -0.0 0.0 0
-20.0 -3.4150900774e-06 0.0 0
-3.86677996289e-08 55.0 0.0 0
-10.0 30.0 0.0 0
-25.0 -30.0 0.0 0
-2.91130994867e-08 -65.0 0.0 0
-20.0 -15.0 0.0 0
-10.0 -30.0 0.0 0
-0.0 -10.0 0.0 0
15.0 5.0 0.0 0
15.0 -15.0 0.0 0
15.0 -0.0 0.0 0
10.0 -15.0 0.0 0
-5.0 50.0 0.0 0
15.0 15.0 0.0 0
65.0 20.0 0.0 0
-30.0 -25.0 0.0 0
5.0 5.0 0.0 0
20.0 -0.0 0.0 0
15.0 -15.0 0.0 0
-2.67021995626e-08 -50.0 0.0 0
5.0 50.0 0.0 0
15.0 -5.0 0.0 0
-30.0 45.0 0.0 0
-15.0 -10.0 0.0 0
15.0 10.0 0.0 0
-40.0 -0.0 0.0 0
-20.0 15.0 0.0 0
-5.0 10.0 0.0 0
50.0 -10.0 0.0 0
10.0 15.0 0.0 0
15.0 -45.0000991821 0.0 0
-5.0 10.0 0.0 0
30.0 25.0 0.0 0
-15.0 -10.0 0.0 0
50.0 2.73208006547e-05 0.0 0
-20.0 10.0 0.0 0
10.0001001358 30.0 0.0 0
-1.13228003362e-11 -4.26896008321e-07 0.0 0
45.0 15.0001001358 0.0 0
-3.40127002119e-08 35.0 0.0 0
-5.0 5.0 0.0 0
-40.0 20.0 0.0 0

 
 
 

