3.54430076238 1.0 -0.341174285116 -0.391911244663
-1.57744768474 1.0 -0.995388190259 -0.9999778798
1.20515008794 1.0 0.926355391511 0.933892891621
-4.32329596273 1.0 0.88322970046 0.925253503567
-3.87139227812 1.0 0.670733051099 0.666720306943
2.01534144083 1.0 0.918273370568 0.902806381252
1.59169791106 1.0 1.01963257828 0.99978156984
-2.79517101739 1.0 -0.295889536615 -0.339534201972
1.93046024676 1.0 0.938581695789 0.936015163156
4.97614459157 1.0 -1.10106601621 -0.965417670538
-0.403811185853 1.0 -0.360908095528 -0.392925840266
3.14343023571 1.0 0.01169153176 -0.00183758108706
3.83044117181 1.0 -0.593049049156 -0.635648684686
4.96104178831 1.0 -1.09576121395 -0.969244843011
4.37349917654 1.0 -0.889389104172 -0.943124320552
4.81753756717 1.0 -1.04535590158 -0.99447697881
0.735509396951 1.0 0.671426353396 0.670964954942
2.27594978625 1.0 0.762977419256 0.761512095879
-2.9283048537 1.0 -0.176313592464 -0.211674337301
-3.25188317157 1.0 0.114312622015 0.110067058317
4.18726796702 1.0 -0.823976099486 -0.865263281815
1.33621842823 1.0 0.969478693075 0.972612538053
0.290756968524 1.0 0.268437712589 0.286677503563
4.5002849015 1.0 -0.933922108289 -0.97759013403
-0.632580046898 1.0 -0.568194771169 -0.591227543634
3.18646566887 1.0 -0.0261903584446 -0.0448579575091
3.80027691834 1.0 -0.566496999972 -0.612076900945
0.639221204025 1.0 0.584179954022 0.596570591371
-1.18657607621 1.0 -0.915937914223 -0.92709099291
3.56494430955 1.0 -0.359345743609 -0.410818517013
-2.24568971166 1.0 -0.7671834928 -0.780773570206
-2.58525305149 1.0 -0.484430178594 -0.528081355472
2.78373831372 1.0 0.328309929559 0.350265307408
-1.87701726092 1.0 -0.947706376125 -0.953479603533
-0.117257395282 1.0 -0.101262694628 -0.116988878824
4.81451399318 1.0 -1.04429388271 -0.994789771591
2.37944412569 1.0 0.684189420387 0.690477184217
-4.78319982721 1.0 1.02587968399 0.997493959393
-4.19234048757 1.0 0.842610784601 0.867795083542
0.347831487448 1.0 0.320152737254 0.340859961305
-2.49056607439 1.0 -0.569474559492 -0.606003329773
-0.865298264166 1.0 -0.754698609078 -0.761288695877
-0.00312970321212 1.0 0.00214801336594 -0.00312969810286
-3.69056212798 1.0 0.508318021738 0.521808403193
0.353519129507 1.0 0.325306290098 0.346201451596
-4.74094376235 1.0 1.01277297317 0.999592339914
-4.79799283907 1.0 1.030468084 0.996338226638
1.87437908411 1.0 0.951999444003 0.954271582795
-3.46496945297 1.0 0.305698929135 0.317770138633
-3.37258823757 1.0 0.222725499093 0.228946777056
2.55787992413 1.0 0.527121515443 0.551125712106
0.583980707045 1.0 0.534126730311 0.551349298765
2.41272831055 1.0 0.654891055201 0.666022942649
0.920297422558 1.0 0.824349839714 0.795781769425
1.04248130936 1.0 0.870031071522 0.86365766015
4.66143228359 1.0 -0.990524513908 -0.998701988429
1.83680943945 1.0 0.960988202591 0.964826662049
-3.03903454504 1.0 -0.0768602321873 -0.102378415882
1.58183722914 1.0 1.02199180446 0.999939049857
2.83991355305 1.0 0.278861740186 0.297123895327
2.52891440856 1.0 0.552618376978 0.575060621118
-2.98309379787 1.0 -0.127104165998 -0.157836057076
4.93149936847 1.0 -1.08538455124 -0.97609120281
-1.45262483399 1.0 -1.01272087249 -0.993025870668
-3.83030783048 1.0 0.63383250236 0.635545742406
3.39392835381 1.0 -0.208809146608 -0.249666371295
-0.481010299281 1.0 -0.430857945834 -0.462675070051
-4.45019521175 1.0 0.92259048253 0.965823677903
3.55933001929 1.0 -0.35440377111 -0.405693424701
-3.75846021984 1.0 0.56930160536 0.57848289376
1.81514950942 1.0 0.966170468323 0.970294011668
2.94943603599 1.0 0.182454701409 0.190976261756
-1.45467964152 1.0 -1.01243554552 -0.99326602903
1.31899326124 1.0 0.963811374262 0.968464761407
4.97710863865 1.0 -1.10140463409 -0.965165887054
0.586683523604 1.0 0.53657574307 0.553602173107
-4.30073828977 1.0 0.876232908467 0.916461592962
3.81312113253 1.0 -0.577803104637 -0.622183316088
1.12031177809 1.0 0.898442411064 0.900236234668
4.41243412425 1.0 -0.903064856604 -0.955349829076
1.59886332244 1.0 1.01791821144 0.999606147734
-1.27431088268 1.0 -0.948188461489 -0.956369209066
3.09733142912 1.0 0.0522699528756 0.0442467741801
2.82378373158 1.0 0.293059996859 0.312485958359
-1.38936918136 1.0 -0.990482885441 -0.983587189717
0.325508008891 1.0 0.299925510358 0.319790159628
3.43944746363 1.0 -0.24887729032 -0.293470150023
1.2385886584 1.0 0.937357144907 0.945324659148
1.60113111405 1.0 1.01737562895 0.999539935622
3.96886475864 1.0 -0.714896251163 -0.736087637589
-3.09597138422 1.0 -0.02572164495 -0.0456054457523
-1.16432961696 1.0 -0.907760310434 -0.918523497576
3.77913444551 1.0 -0.54788636275 -0.595221920715
-4.07193634787 1.0 0.805264613211 0.801825365652
-2.57893846741 1.0 -0.490101707138 -0.533433097063
1.25458380964 1.0 0.942619771477 0.950420022289
0.170690729589 1.0 0.15964610777 0.169863081214
-4.12574281556 1.0 0.821953952707 0.832801945476
-1.78554163664 1.0 -0.966492628903 -0.97703070001
-0.494867545267 1.0 -0.443413948609 -0.474915091084
